Point2D,[3,2]
Line3D,[7,12,3],[-9,13,68]
Point3D,[1,3,8]
Line2D,[5,7],[3,8]
Point2D,[3,2]
Line3D,[7,-12,3],[9,13,68]
Point3D,[6,9,5]
Point2D,[3,2]
Line3D,[70,-120,-3],[-29,1,268]
Line3D,[25,-69-33],[-2,-41,58]
Point3D,[6,9,-50]
Point3D,[-9,-9,-9]
Point2D,[-9,-9]
Line2D,[-9,-9],[-99,-99]
Line3D,[-9,-9,-9],[-99,-99,-99]
Point2D,[-9,-9]
Point2D,[-999,-999]
Point2D,[3,3]
Point2D,[23,23]
Point2D,[-99,-99]
Point2D,[123,124]
Point2D,[123,122]
Point2D,[123,121]
Point2D,[12,132]
Point2D,[123,123]
Point2D,[32,144]
Point2D,[192,142]
Point2D,[912,832]
Point2D,[612,432]
Point2D,[182,712]
Point3D,[16,29,-503]
Point3D,[21,-239,-91]
Point2D,[-9,-9]
Point3D,[126,239,23]
Point3D,[89,-239,456]
Point3D,[16,29,-503]
Point3D,[21,-239,-91]
Point3D,[-2,-41,58]
Point3D,[25,-69-33]
Point3D,[-29,1,268]
Point3D,[70,-120,-3]
Line2D,[-899,-395],[502,790]
Line2D,[-563,-289,[754,912]
Line2D,[-950,-824,[-775,-374]
Line2D,[-735,-290,[68,212]
Line2D,[-334,229],[502,895]
Line2D,[-517,-130],[-80,803]
Line2D,[-517,-481],[-214,955]
Line2D,[-7,-509],[-13,80]
Line2D,[-999,-817],[-767,-497]
Line2D,[-899,-395],[502,790]
Line2D,[28,118],[502,975]
Line2D,[-710,-653],[-420,-112]
Line2D,[-517,48],[411,880]
Line2D,[-397,23],[371,534]
Line2D,[-407,-226],[502,750]
Line2D,[-991,-632],[-325,-61]
Line2D,[-158,526],[813,949]
Line2D,[-120,316],[333,725]
Line2D,[-664,-169],[280,500]
Line3D,[-446,-37,415],[14,660,512]
Line3D,[-446,-94,144],[304,607,663]
Line3D,[-620,432,604],[868,888,982]
Line3D,[-880,-702,635],[868,900,423]
Line3D,[-880,-702,635],[868,900,102]
Line3D,[-305,-295,1],[14,966,15]
Line3D,[-577,-516,-394],[231,922,-80]
Line3D,[-997,-956,-209],[366,932,502]
Line3D,[-838,-439,-218],[14,790,123]
Line3D,[-577,323,669],[785,800,980]